178.05	-0.312
178.43	-0.312
178.82	-0.312
179.21	-0.155
179.59	0.537
179.98	-0.000
180.36	-0.000
180.75	-0.000
181.14	-0.301
181.52	-0.160
181.91	-0.000
182.29	-0.000
182.68	-0.000
183.07	-0.000
183.45	-0.000
183.84	-0.000
184.22	-0.000
184.61	-0.000
184.99	-0.000
185.38	-0.000
185.77	-0.000
186.15	-0.000
186.54	-0.000
186.92	-0.000
187.31	-0.000
187.69	-0.000
188.08	-0.000
188.46	-0.000
188.85	-0.000
189.23	-0.000
189.62	-0.000
190.00	-0.000
190.39	1.052
190.78	-0.000
191.16	-0.000
191.55	1.357
191.93	-0.000
192.32	-0.000
192.70	-0.000
193.09	-0.000
193.47	-0.000
193.86	1.306
194.24	0.520
194.62	0.374
195.01	0.619
195.39	0.550
195.78	0.359
196.16	0.402
196.55	0.420
196.93	0.690
197.32	0.486
197.70	0.428
198.09	0.462
198.47	0.604
198.86	0.822
199.24	0.683
199.62	-0.000
200.01	0.678
200.39	0.917
200.78	0.837
201.16	0.928
201.55	0.854
201.93	1.236
202.31	-0.000
202.70	-0.000
203.08	-0.000
203.47	-0.000
203.85	-0.000
204.23	-0.000
204.62	-0.000
205.00	-0.000
205.39	-0.000
205.77	-0.000
206.15	-0.000
206.54	-0.000
206.92	-0.000
207.30	-0.000
207.69	0.894
208.07	1.598
208.45	0.912
208.84	0.744
209.22	0.552
209.60	0.718
209.99	0.729
210.37	0.488
210.76	0.385
211.14	0.175
211.52	0.178
211.90	0.238
212.29	0.241
212.67	0.185
213.05	0.207
213.44	0.309
213.82	0.401
214.20	0.171
214.59	0.151
214.97	0.239
215.35	0.171
215.74	0.228
216.12	0.428
216.50	0.414
216.88	0.595
217.27	0.812
217.65	0.660
218.03	0.373
218.41	0.295
218.80	0.258
219.18	0.422
219.56	0.334
219.95	0.344
220.33	0.515
220.71	0.701
221.09	0.380
221.47	0.314
221.86	0.309
222.24	0.367
222.62	0.389
223.00	0.453
223.39	0.641
223.77	0.709
224.15	0.774
224.53	0.719
224.91	0.380
225.30	0.245
225.68	0.238
226.06	0.317
226.44	0.637
226.82	0.843
227.21	0.948
227.59	0.698
227.97	0.632
228.35	0.740
228.73	0.637
229.11	0.822
229.50	0.781
229.88	0.580
230.26	0.567
230.64	0.534
231.02	0.406
231.40	0.296
231.79	0.339
232.17	0.191
232.55	0.111
232.93	0.069
233.31	0.166
233.69	0.102
234.07	0.179
234.45	0.165
234.84	0.076
235.22	0.074
235.60	0.136
235.98	0.042
236.36	-0.067
236.74	0.009
237.12	0.048
237.50	0.138
237.88	0.155
238.26	0.171
238.65	0.260
239.03	0.214
239.41	0.241
239.79	0.252
240.17	0.289
240.55	0.399
240.93	0.479
241.31	0.523
241.69	0.584
242.07	0.488
242.45	0.557
242.83	0.590
243.21	0.554
243.59	0.417
243.97	0.476
244.35	0.443
244.73	0.366
245.11	0.283
245.49	0.250
245.87	0.220
246.25	0.217
246.63	0.236
247.01	0.241
247.39	0.246
247.77	0.170
248.15	0.204
248.53	0.189
248.91	0.138
249.29	0.102
249.67	0.096
250.05	0.107
250.43	0.116
250.81	0.166
251.19	0.228
251.57	0.303
251.95	0.313
252.33	0.407
252.71	0.430
253.09	0.387
253.47	0.301
253.85	0.298
254.23	0.316
254.61	0.327
254.99	0.349
255.37	0.298
255.74	0.351
256.12	0.323
256.50	0.284
256.88	0.405
257.26	0.347
257.64	0.352
258.02	0.396
258.40	0.398
258.78	0.354
259.16	0.267
259.53	0.271
259.91	0.214
260.29	0.149
260.67	0.180
261.05	0.228
261.43	0.296
261.81	0.310
262.19	0.254
262.56	0.250
262.94	0.250
263.32	0.316
263.70	0.296
264.08	0.291
264.46	0.249
264.83	0.171
265.21	0.190
265.59	0.197
265.97	0.146
266.35	0.145
266.73	0.140
267.10	0.183
267.48	0.120
267.86	0.110
268.24	0.108
268.62	0.095
268.99	0.128
269.37	0.137
269.75	0.198
270.13	0.250
270.51	0.213
270.88	0.199
271.26	0.193
271.64	0.214
272.02	0.158
272.39	0.191
272.77	0.239
273.15	0.204
273.53	0.214
273.90	0.285
274.28	0.232
274.66	0.266
275.04	0.225
275.41	0.193
275.79	0.282
276.17	0.395
276.54	0.296
276.92	0.249
277.30	0.190
277.68	0.168
278.05	0.088
278.43	0.061
278.81	0.062
279.18	0.058
279.56	0.037
279.94	0.076
280.32	0.087
280.69	0.094
281.07	0.117
281.45	0.119
281.82	0.107
282.20	0.082
282.58	0.059
282.95	0.045
283.33	0.088
283.71	0.076
284.08	0.072
284.46	0.059
284.83	0.057
285.21	0.060
285.59	0.049
285.96	0.054
286.34	0.064
286.72	0.063
287.09	0.060
287.47	0.062
287.84	0.056
288.22	0.063
288.60	0.063
288.97	0.063
289.35	0.055
289.72	0.051
290.10	0.056
290.48	0.053
290.85	0.054
291.23	0.046
291.60	0.043
291.98	0.038
292.36	0.035
292.73	0.033
293.11	0.029
293.48	0.028
293.86	0.025
294.23	0.022
294.61	0.019
294.98	0.018
295.36	0.016
295.73	0.016
296.11	0.015
296.49	0.012
296.86	0.010
297.24	0.010
297.61	0.009
297.99	0.007
298.36	0.006
298.74	0.005
299.11	0.004
299.49	0.003
299.86	0.002
300.24	0.002
300.61	0.001
300.99	0.001
301.36	0.001
301.74	-0.000
302.11	-0.001
302.48	-0.001
302.86	-0.001
303.23	-0.001
303.61	-0.002
303.98	-0.002
304.36	-0.002
304.73	-0.002
305.11	-0.003
305.48	-0.003
305.86	-0.003
306.23	-0.003
306.60	-0.002
306.98	-0.002
307.35	-0.003
307.73	-0.003
308.10	-0.004
308.47	-0.004
308.85	-0.004
309.22	-0.005
309.60	-0.005
309.97	-0.005
310.34	-0.005
310.72	-0.005
311.09	-0.006
311.47	-0.006
311.84	-0.006
312.21	-0.005
312.59	-0.005
312.96	-0.005
313.33	-0.005
313.71	-0.005
314.08	-0.005
314.46	-0.005
314.83	-0.005
315.20	-0.005
315.58	-0.004
315.95	-0.004
316.32	-0.004
316.70	-0.004
317.07	-0.004
317.44	-0.003
317.81	-0.003
318.19	-0.002
318.56	-0.002
318.93	-0.001
319.31	0.000
319.68	0.000
320.05	-0.000
320.43	0.001
320.80	0.001
321.17	0.001
321.54	0.002
321.92	0.002
322.29	0.003
322.66	0.004
323.04	0.005
323.41	0.005
323.78	0.006
324.15	0.007
324.53	0.009
324.90	0.009
325.27	0.010
325.64	0.010
326.02	0.010
326.39	0.010
326.76	0.011
327.13	0.011
327.50	0.011
327.88	0.012
328.25	0.011
328.62	0.012
328.99	0.014
329.36	0.014
329.74	0.015
330.11	0.015
330.48	0.015
330.85	0.015
331.22	0.016
331.60	0.016
331.97	0.017
332.34	0.018
332.71	0.018
333.08	0.018
333.45	0.018
333.83	0.020
334.20	0.020
334.57	0.020
334.94	0.021
335.31	0.022
335.68	0.023
336.05	0.025
336.43	0.025
336.80	0.025
337.17	0.026
337.54	0.027
337.91	0.027
338.28	0.028
338.65	0.030
339.02	0.031
339.39	0.031
339.77	0.031
340.14	0.032
340.51	0.033
340.88	0.034
341.25	0.036
341.62	0.037
341.99	0.038
342.36	0.039
342.73	0.040
343.10	0.041
343.47	0.041
343.84	0.043
344.21	0.043
344.58	0.044
344.95	0.046
345.32	0.047
345.70	0.048
346.07	0.050
346.44	0.050
346.81	0.051
347.18	0.052
347.55	0.053
347.92	0.054
348.29	0.057
348.66	0.058
349.03	0.058
349.40	0.059
349.77	0.060
350.14	0.061
350.51	0.062
350.88	0.064
351.25	0.065
351.62	0.066
351.98	0.067
352.35	0.068
352.72	0.069
353.09	0.069
353.46	0.071
353.83	0.072
354.20	0.073
354.57	0.075
354.94	0.076
355.31	0.078
355.68	0.080
356.05	0.081
356.42	0.082
356.79	0.084
357.16	0.085
357.53	0.087
357.89	0.087
358.26	0.089
358.63	0.092
359.00	0.093
359.37	0.095
359.74	0.097
360.11	0.098
360.48	0.099
360.85	0.101
361.21	0.101
361.58	0.102
361.95	0.104
362.32	0.104
362.69	0.105
363.06	0.106
363.43	0.107
363.79	0.109
364.16	0.109
364.53	0.111
364.90	0.114
365.27	0.115
365.64	0.117
366.00	0.118
366.37	0.120
366.74	0.121
367.11	0.124
367.48	0.125
367.85	0.127
368.21	0.129
368.58	0.131
368.95	0.132
369.32	0.134
369.68	0.137
370.05	0.140
370.42	0.142
370.79	0.144
371.16	0.145
371.52	0.147
371.89	0.150
372.26	0.151
372.63	0.153
372.99	0.155
373.36	0.157
373.73	0.159
374.10	0.161
374.46	0.162
374.83	0.163
375.20	0.165
375.57	0.166
375.93	0.167
376.30	0.170
376.67	0.172
377.03	0.174
377.40	0.175
377.77	0.176
378.13	0.178
378.50	0.181
378.87	0.183
379.24	0.183
379.60	0.184
379.97	0.186
380.34	0.187
380.70	0.188
381.07	0.190
381.44	0.191
381.80	0.191
382.17	0.193
382.53	0.195
382.90	0.196
383.27	0.197
383.63	0.199
384.00	0.201
384.37	0.202
384.73	0.204
385.10	0.206
385.47	0.208
385.83	0.209
386.20	0.210
386.56	0.212
386.93	0.214
387.30	0.215
387.66	0.216
388.03	0.218
388.39	0.220
388.76	0.221
389.12	0.223
389.49	0.225
389.86	0.227
390.22	0.228
390.59	0.230
390.95	0.231
391.32	0.233
391.68	0.234
392.05	0.236
392.42	0.236
392.78	0.237
393.15	0.237
393.51	0.239
393.88	0.239
394.24	0.240
394.61	0.241
394.97	0.244
395.34	0.245
395.70	0.247
396.07	0.247
396.43	0.249
396.80	0.250
397.16	0.250
397.53	0.251
397.89	0.252
398.26	0.253
398.62	0.255
398.99	0.256
399.35	0.258
399.72	0.258
400.08	0.259
400.44	0.260
400.81	0.261
401.17	0.262
401.54	0.264
401.90	0.267
402.27	0.268
402.63	0.268
403.00	0.269
403.36	0.270
403.72	0.271
404.09	0.270
404.45	0.272
404.82	0.275
405.18	0.276
405.54	0.278
405.91	0.277
406.27	0.278
406.64	0.279
407.00	0.280
407.36	0.280
407.73	0.281
408.09	0.282
408.45	0.283
408.82	0.284
409.18	0.284
409.55	0.285
409.91	0.286
410.27	0.287
410.64	0.288
411.00	0.287
411.36	0.289
411.73	0.290
412.09	0.290
412.45	0.289
412.82	0.291
413.18	0.292
413.54	0.293
413.91	0.293
414.27	0.294
414.63	0.296
414.99	0.297
415.36	0.298
415.72	0.299
416.08	0.298
416.45	0.299
416.81	0.298
417.17	0.299
417.53	0.299
417.90	0.299
418.26	0.299
418.62	0.301
418.98	0.301
419.35	0.301
419.71	0.302
420.07	0.303
420.43	0.302
420.80	0.302
421.16	0.302
421.52	0.302
421.88	0.301
422.25	0.301
422.61	0.300
422.97	0.301
423.33	0.302
423.69	0.302
424.06	0.304
424.42	0.304
424.78	0.302
425.14	0.303
425.50	0.303
425.86	0.303
426.23	0.302
426.59	0.303
426.95	0.304
427.31	0.303
427.67	0.303
428.03	0.304
428.40	0.303
428.76	0.303
429.12	0.304
429.48	0.304
429.84	0.303
430.20	0.303
430.56	0.303
430.93	0.302
431.29	0.302
431.65	0.301
432.01	0.301
432.37	0.302
432.73	0.302
433.09	0.302
433.45	0.302
433.81	0.303
434.17	0.301
434.53	0.301
434.90	0.300
435.26	0.299
435.62	0.298
435.98	0.299
436.34	0.298
436.70	0.297
437.06	0.297
437.42	0.297
437.78	0.297
438.14	0.296
438.50	0.295
438.86	0.295
439.22	0.296
439.58	0.295
439.94	0.294
440.30	0.294
440.66	0.293
441.02	0.293
441.38	0.291
441.74	0.290
442.10	0.289
442.46	0.289
442.82	0.288
443.18	0.287
443.54	0.287
443.90	0.285
444.26	0.283
444.62	0.282
444.98	0.281
445.34	0.279
445.70	0.278
446.06	0.276
446.42	0.274
446.78	0.271
447.14	0.271
447.50	0.270
447.86	0.267
448.22	0.265
448.57	0.263
448.93	0.262
449.29	0.261
449.65	0.259
450.01	0.257
450.37	0.254
450.73	0.253
451.09	0.251
451.45	0.250
451.81	0.249
452.16	0.247
452.52	0.244
452.88	0.242
453.24	0.241
453.60	0.240
453.96	0.238
454.32	0.237
454.67	0.234
455.03	0.231
455.39	0.229
455.75	0.228
456.11	0.225
456.47	0.222
456.83	0.220
457.18	0.218
457.54	0.215
457.90	0.213
458.26	0.211
458.62	0.208
458.97	0.206
459.33	0.203
459.69	0.202
460.05	0.200
460.41	0.198
460.76	0.196
461.12	0.193
461.48	0.190
461.84	0.188
462.19	0.187
462.55	0.185
462.91	0.183
463.27	0.181
463.62	0.179
463.98	0.176
464.34	0.175
464.70	0.173
465.05	0.172
465.41	0.171
465.77	0.168
466.13	0.167
466.48	0.164
466.84	0.164
467.20	0.162
467.55	0.161
467.91	0.159
468.27	0.157
468.63	0.154
468.98	0.152
469.34	0.150
469.70	0.147
470.05	0.145
470.41	0.143
470.77	0.141
471.12	0.140
471.48	0.138
471.84	0.136
472.19	0.135
472.55	0.132
472.90	0.130
473.26	0.129
473.62	0.127
473.97	0.125
474.33	0.122
474.69	0.119
475.04	0.116
475.40	0.114
475.75	0.113
476.11	0.112
476.47	0.110
476.82	0.107
477.18	0.104
477.53	0.102
477.89	0.101
478.25	0.098
478.60	0.096
478.96	0.094
479.31	0.092
479.67	0.089
480.02	0.085
480.38	0.083
480.74	0.081
481.09	0.078
481.45	0.075
481.80	0.073
482.16	0.071
482.51	0.069
482.87	0.066
483.22	0.063
483.58	0.062
483.93	0.060
484.29	0.058
484.64	0.056
485.00	0.055
485.35	0.053
485.71	0.051
486.06	0.049
486.42	0.047
486.77	0.045
487.13	0.043
487.48	0.042
487.84	0.041
488.19	0.038
488.55	0.037
488.90	0.036
489.26	0.034
489.61	0.032
489.96	0.030
490.32	0.029
490.67	0.028
491.03	0.026
491.38	0.025
491.74	0.024
492.09	0.022
492.44	0.020
492.80	0.019
493.15	0.017
493.51	0.015
493.86	0.014
494.21	0.013
494.57	0.012
494.92	0.011
495.28	0.010
495.63	0.009
495.98	0.008
496.34	0.007
496.69	0.006
497.04	0.005
497.40	0.004
497.75	0.003
498.10	0.002
498.46	0.001
498.81	-0.001
499.16	-0.002
499.52	-0.003
499.87	-0.004
500.22	-0.005
500.58	-0.006
500.93	-0.005
501.28	-0.005
501.64	-0.006
501.99	-0.006
502.34	-0.006
502.70	-0.007
503.05	-0.007
503.40	-0.008
503.75	-0.009
504.11	-0.009
504.46	-0.009
504.81	-0.009
505.16	-0.009
505.52	-0.009
505.87	-0.009
506.22	-0.010
506.57	-0.010
506.93	-0.010
507.28	-0.009
507.63	-0.010
507.98	-0.010
508.34	-0.010
508.69	-0.011
509.04	-0.012
509.39	-0.012
509.74	-0.013
510.10	-0.013
510.45	-0.013
510.80	-0.012
511.15	-0.012
511.50	-0.012
511.86	-0.013
512.21	-0.013
512.56	-0.013
512.91	-0.014
513.26	-0.014
513.61	-0.013
513.97	-0.014
514.32	-0.014
514.67	-0.015
515.02	-0.015
515.37	-0.016
515.72	-0.015
516.07	-0.015
516.43	-0.014
516.78	-0.014
517.13	-0.014
517.48	-0.015
517.83	-0.015
518.18	-0.015
518.53	-0.016
518.88	-0.016
519.23	-0.016
519.58	-0.016
519.94	-0.016
520.29	-0.016
520.64	-0.015
520.99	-0.015
521.34	-0.015
521.69	-0.015
522.04	-0.015
522.39	-0.015
522.74	-0.015
523.09	-0.015
523.44	-0.015
523.79	-0.015
524.14	-0.015
524.49	-0.015
524.84	-0.014
525.19	-0.014
525.54	-0.015
525.89	-0.014
526.24	-0.013
526.59	-0.014
526.94	-0.014
527.29	-0.013
527.64	-0.013
527.99	-0.014
528.34	-0.014
528.69	-0.014
529.04	-0.014
529.39	-0.014
529.74	-0.014
530.09	-0.013
530.44	-0.013
530.79	-0.013
531.14	-0.014
531.49	-0.014
531.84	-0.014
532.19	-0.015
532.54	-0.014
532.89	-0.013
533.24	-0.013
533.58	-0.013
533.93	-0.013
534.28	-0.014
534.63	-0.014
534.98	-0.014
535.33	-0.014
535.68	-0.013
536.03	-0.013
536.38	-0.013
536.72	-0.013
537.07	-0.012
537.42	-0.013
537.77	-0.014
538.12	-0.015
538.47	-0.014
538.82	-0.014
539.16	-0.014
539.51	-0.013
539.86	-0.014
540.21	-0.014
540.56	-0.014
540.91	-0.014
541.25	-0.014
541.60	-0.014
541.95	-0.013
542.30	-0.013
542.65	-0.013
542.99	-0.013
543.34	-0.014
543.69	-0.013
544.04	-0.014
544.39	-0.014
544.73	-0.013
545.08	-0.013
545.43	-0.012
545.78	-0.011
546.12	-0.012
546.47	-0.012
546.82	-0.013
547.17	-0.013
547.51	-0.013
547.86	-0.013
548.21	-0.013
548.56	-0.013
548.90	-0.013
549.25	-0.013
549.60	-0.013
549.95	-0.013
550.29	-0.013
550.64	-0.013
550.99	-0.014
551.33	-0.014
551.68	-0.014
552.03	-0.013
552.37	-0.013
552.72	-0.013
553.07	-0.013
553.41	-0.013
553.76	-0.012
554.11	-0.012
554.45	-0.012
554.80	-0.012
555.15	-0.012
555.49	-0.012
555.84	-0.012
556.19	-0.013
556.53	-0.012
556.88	-0.013
557.22	-0.013
557.57	-0.013
557.92	-0.013
558.26	-0.012
558.61	-0.012
558.96	-0.012
559.30	-0.013
559.65	-0.013
559.99	-0.014
560.34	-0.014
560.68	-0.013
561.03	-0.014
561.38	-0.015
561.72	-0.015
562.07	-0.015
562.41	-0.015
562.76	-0.015
563.10	-0.014
563.45	-0.015
563.79	-0.015
564.14	-0.015
564.48	-0.014
564.83	-0.013
565.18	-0.013
565.52	-0.014
565.87	-0.014
566.21	-0.014
566.56	-0.014
566.90	-0.013
567.25	-0.013
567.59	-0.014
567.93	-0.015
568.28	-0.014
568.62	-0.013
568.97	-0.014
569.31	-0.014
569.66	-0.015
570.00	-0.015
570.35	-0.016
570.69	-0.016
571.04	-0.016
571.38	-0.016
571.73	-0.016
572.07	-0.016
572.41	-0.016
572.76	-0.016
573.10	-0.017
573.45	-0.017
573.79	-0.017
574.13	-0.017
574.48	-0.017
574.82	-0.017
575.17	-0.016
575.51	-0.016
575.85	-0.017
576.20	-0.017
576.54	-0.017
576.89	-0.017
577.23	-0.018
577.57	-0.017
577.92	-0.017
578.26	-0.016
578.60	-0.016
578.95	-0.016
579.29	-0.016
579.63	-0.016
579.98	-0.016
580.32	-0.016
580.66	-0.016
581.01	-0.016
581.35	-0.016
581.69	-0.016
582.04	-0.016
582.38	-0.016
582.72	-0.016
583.06	-0.016
583.41	-0.015
583.75	-0.015
584.09	-0.014
584.43	-0.014
584.78	-0.014
585.12	-0.013
585.46	-0.013
585.81	-0.013
586.15	-0.014
586.49	-0.014
586.83	-0.014
587.18	-0.015
587.52	-0.014
587.86	-0.014
588.20	-0.014
588.54	-0.014
588.89	-0.013
589.23	-0.013
589.57	-0.013
589.91	-0.013
590.25	-0.012
590.60	-0.012
590.94	-0.013
591.28	-0.012
591.62	-0.012
591.96	-0.013
592.30	-0.013
592.65	-0.012
592.99	-0.013
593.33	-0.013
593.67	-0.013
594.01	-0.013
594.35	-0.013
594.70	-0.013
595.04	-0.013
595.38	-0.013
595.72	-0.013
596.06	-0.013
596.40	-0.013
596.74	-0.013
597.08	-0.013
597.42	-0.013
597.77	-0.013
598.11	-0.012
598.45	-0.012
598.79	-0.011
599.13	-0.011
599.47	-0.012
599.81	-0.013
600.15	-0.012
600.49	-0.012
600.83	-0.012
601.17	-0.012
601.51	-0.013
601.85	-0.013
602.19	-0.013
602.53	-0.013
602.87	-0.014
603.22	-0.014
603.56	-0.014
603.90	-0.014
604.24	-0.014
604.58	-0.014
604.92	-0.014
605.26	-0.014
605.60	-0.015
605.94	-0.015
606.28	-0.015
606.62	-0.014
606.95	-0.014
607.29	-0.014
607.63	-0.014
607.97	-0.014
608.31	-0.014
608.65	-0.013
608.99	-0.013
609.33	-0.012
609.67	-0.012
610.01	-0.011
610.35	-0.011
610.69	-0.011
611.03	-0.012
611.37	-0.012
611.71	-0.012
612.05	-0.011
612.38	-0.011
612.72	-0.011
613.06	-0.011
613.40	-0.011
613.74	-0.011
614.08	-0.011
614.42	-0.011
614.76	-0.011
615.10	-0.010
615.43	-0.011
615.77	-0.011
616.11	-0.010
616.45	-0.011
616.79	-0.010
617.13	-0.010
617.46	-0.010
617.80	-0.009
618.14	-0.009
618.48	-0.009
618.82	-0.009
619.16	-0.009
619.49	-0.009
619.83	-0.009
620.17	-0.009
620.51	-0.009
620.85	-0.009
621.18	-0.009
621.52	-0.008
621.86	-0.008
622.20	-0.009
622.53	-0.008
622.87	-0.008
623.21	-0.009
623.55	-0.008
623.88	-0.008
624.22	-0.008
624.56	-0.008
624.90	-0.008
625.23	-0.008
625.57	-0.008
625.91	-0.009
626.25	-0.008
626.58	-0.008
626.92	-0.009
627.26	-0.008
627.59	-0.008
627.93	-0.008
628.27	-0.008
628.60	-0.009
628.94	-0.008
629.28	-0.007
629.61	-0.008
629.95	-0.007
630.29	-0.008
630.62	-0.009
630.96	-0.009
631.30	-0.009
631.63	-0.009
631.97	-0.009
632.31	-0.008
632.64	-0.008
632.98	-0.008
633.32	-0.007
633.65	-0.008
633.99	-0.007
634.32	-0.008
634.66	-0.008
635.00	-0.008
635.33	-0.008
635.67	-0.007
636.00	-0.008
636.34	-0.008
636.67	-0.008
637.01	-0.008
637.35	-0.008
637.68	-0.007
638.02	-0.007
638.35	-0.007
638.69	-0.007
639.02	-0.008
639.36	-0.007
639.69	-0.007
640.03	-0.007
640.36	-0.008
640.70	-0.008
641.04	-0.007
641.37	-0.007
641.71	-0.007
642.04	-0.007
642.38	-0.007
642.71	-0.007
643.04	-0.007
643.38	-0.007
643.71	-0.007
644.05	-0.008
644.38	-0.007
644.72	-0.007
645.05	-0.008
645.39	-0.008
645.72	-0.008
646.06	-0.007
646.39	-0.008
646.73	-0.008
647.06	-0.008
647.39	-0.007
647.73	-0.008
648.06	-0.008
648.40	-0.008
648.73	-0.008
649.06	-0.008
649.40	-0.009
649.73	-0.008
650.07	-0.008
650.40	-0.007
650.73	-0.007
651.07	-0.007
651.40	-0.008
651.74	-0.010
652.07	-0.011
652.40	-0.012
652.74	-0.011
653.07	-0.011
653.40	-0.011
653.74	-0.011
654.07	-0.011
654.40	-0.011
654.74	-0.011
655.07	-0.011
655.40	-0.011
655.74	-0.010
656.07	-0.010
656.40	-0.010
656.73	-0.010
657.07	-0.010
657.40	-0.010
657.73	-0.010
658.07	-0.010
658.40	-0.009
658.73	-0.007
659.06	-0.005
659.40	-0.004
659.73	-0.004
660.06	-0.005
660.39	-0.005
660.73	-0.005
661.06	-0.004
661.39	-0.005
661.72	-0.005
662.06	-0.005
662.39	-0.004
662.72	-0.004
663.05	-0.004
663.38	-0.003
663.72	-0.003
664.05	-0.003
664.38	-0.002
664.71	-0.002
665.04	-0.003
665.37	-0.002
665.71	-0.002
666.04	-0.002
666.37	-0.003
666.70	-0.004
667.03	-0.003
667.36	-0.003
667.70	-0.003
668.03	-0.003
668.36	-0.003
668.69	-0.003
669.02	-0.003
669.35	-0.003
669.68	-0.003
670.01	-0.003
670.35	-0.004
670.68	-0.004
671.01	-0.004
671.34	-0.004
671.67	-0.004
672.00	-0.004
672.33	-0.004
672.66	-0.004
672.99	-0.004
673.32	-0.004
673.65	-0.004
673.98	-0.004
674.31	-0.005
674.64	-0.004
674.98	-0.004
675.31	-0.004
675.64	-0.005
675.97	-0.004
676.30	-0.005
676.63	-0.005
676.96	-0.004
677.29	-0.003
677.62	-0.003
677.95	-0.003
678.28	-0.004
678.61	-0.004
678.94	-0.003
679.27	-0.004
679.60	-0.004
679.93	-0.005
680.25	-0.004
680.58	-0.005
680.91	-0.005
681.24	-0.005
681.57	-0.005
681.90	-0.006
682.23	-0.005
682.56	-0.004
682.89	-0.005
683.22	-0.004
683.55	-0.004
683.88	-0.004
684.21	-0.005
684.54	-0.005
684.86	-0.005
685.19	-0.005
685.52	-0.005
685.85	-0.005
686.18	-0.004
686.51	-0.004
686.84	-0.003
687.17	-0.004
687.49	-0.003
687.82	-0.003
688.15	-0.003
688.48	-0.002
688.81	-0.002
689.14	-0.002
689.47	-0.003
689.79	-0.002
690.12	-0.003
690.45	-0.003
690.78	-0.002
691.11	-0.002
691.43	-0.002
691.76	-0.002
692.09	-0.002
692.42	-0.002
692.75	-0.002
693.07	-0.002
693.40	-0.002
693.73	-0.001
694.06	-0.001
694.38	-0.001
694.71	-0.001
695.04	-0.001
695.37	-0.001
695.69	-0.001
696.02	-0.001
696.35	-0.000
696.68	-0.001
697.00	-0.001
697.33	-0.001
697.66	-0.002
697.98	-0.002
698.31	-0.003
698.64	-0.003
698.97	-0.003
699.29	-0.003
699.62	-0.004
699.95	-0.003
700.27	-0.004
700.60	-0.004
700.93	-0.003
701.25	-0.002
701.58	-0.002
701.91	-0.002
702.23	-0.001
702.56	-0.001
702.88	-0.001
703.21	-0.000
703.54	-0.001
703.86	-0.000
704.19	-0.001
704.52	-0.000
704.84	-0.001
705.17	-0.000
705.49	-0.000
705.82	0.001
706.15	0.000
706.47	0.001
706.80	0.000
707.12	0.000
707.45	-0.001
707.77	-0.001
708.10	-0.001
708.42	-0.001
708.75	-0.002
709.08	-0.002
709.40	-0.003
709.73	-0.003
710.05	-0.004
710.38	-0.003
710.70	-0.003
711.03	-0.003
711.35	-0.003
711.68	-0.002
712.00	-0.002
712.33	-0.001
712.65	-0.002
712.98	-0.002
713.30	-0.002
713.63	-0.002
713.95	-0.002
714.28	-0.001
714.60	-0.001
714.93	-0.002
715.25	-0.002
715.57	-0.002
715.90	-0.002
716.22	-0.002
716.55	-0.001
716.87	-0.001
717.20	-0.001
717.52	-0.001
717.84	-0.001
718.17	-0.001
718.49	-0.002
718.82	-0.002
719.14	-0.002
719.46	-0.002
719.79	-0.001
720.11	-0.000
720.44	-0.000
720.76	-0.000
721.08	-0.001
721.41	-0.001
721.73	-0.000
722.05	0.000
722.38	0.000
722.70	0.000
723.02	0.001
723.35	0.001
723.67	0.001
723.99	0.001
724.32	0.001
724.64	0.001
724.96	0.000
725.29	0.001
725.61	0.001
725.93	0.001
726.25	0.000
726.58	-0.000
726.90	-0.001
727.22	-0.001
727.55	-0.001
727.87	-0.001
728.19	-0.002
728.51	-0.002
728.84	-0.002
729.16	-0.002
729.48	-0.002
729.80	-0.003
730.12	-0.003
730.45	-0.003
730.77	-0.004
731.09	-0.004
731.41	-0.004
731.74	-0.004
732.06	-0.003
732.38	-0.004
732.70	-0.004
733.02	-0.004
733.35	-0.004
733.67	-0.004
733.99	-0.005
734.31	-0.004
734.63	-0.005
734.95	-0.004
735.27	-0.004
735.60	-0.005
735.92	-0.004
736.24	-0.004
736.56	-0.005
736.88	-0.005
737.20	-0.005
737.52	-0.004
737.85	-0.004
738.17	-0.004
738.49	-0.005
738.81	-0.004
739.13	-0.005
739.45	-0.004
739.77	-0.004
740.09	-0.003
740.41	-0.003
740.73	-0.002
741.05	-0.003
741.37	-0.002
741.69	-0.002
742.01	-0.002
742.34	-0.002
742.66	-0.002
742.98	-0.002
743.30	-0.002
743.62	-0.001
743.94	-0.002
744.26	-0.003
744.58	-0.003
744.90	-0.003
745.22	-0.002
745.54	-0.003
745.86	-0.002
746.18	-0.003
746.50	-0.004
746.82	-0.004
747.14	-0.004
747.46	-0.005
747.78	-0.005
748.09	-0.005
748.41	-0.005
748.73	-0.005
749.05	-0.005
749.37	-0.006
749.69	-0.005
750.01	-0.005
750.33	-0.005
750.65	-0.005
750.97	-0.005
751.29	-0.005
751.61	-0.005
751.93	-0.005
752.24	-0.005
752.56	-0.005
752.88	-0.005
753.20	-0.004
753.52	-0.004
753.84	-0.004
754.16	-0.004
754.47	-0.003
754.79	-0.003
755.11	-0.002
755.43	-0.002
755.75	-0.003
756.07	-0.002
756.39	-0.002
756.70	-0.002
757.02	-0.002
757.34	-0.002
757.66	-0.001
757.98	-0.001
758.29	-0.002
758.61	-0.001
758.93	-0.002
759.25	-0.001
759.57	-0.002
759.88	-0.002
760.20	-0.003
760.52	-0.002
760.84	-0.003
761.15	-0.004
761.47	-0.004
761.79	-0.004
762.11	-0.005
762.42	-0.004
762.74	-0.005
763.06	-0.004
763.37	-0.005
763.69	-0.005
764.01	-0.005
764.33	-0.005
764.64	-0.005
764.96	-0.005
765.28	-0.005
765.59	-0.005
765.91	-0.005
766.23	-0.005
766.54	-0.005
766.86	-0.004
767.18	-0.004
767.49	-0.003
767.81	-0.003
768.13	-0.003
768.44	-0.003
768.76	-0.003
769.07	-0.003
769.39	-0.003
769.71	-0.004
770.02	-0.003
770.34	-0.003
770.66	-0.004
770.97	-0.004
771.29	-0.003
771.60	-0.003
771.92	-0.003
772.23	-0.003
772.55	-0.003
772.87	-0.003
773.18	-0.003
773.50	-0.004
773.81	-0.003
774.13	-0.004
774.44	-0.004
774.76	-0.005
775.07	-0.005
775.39	-0.005
775.70	-0.005
776.02	-0.006
776.33	-0.005
776.65	-0.006
776.96	-0.006
777.28	-0.006
777.59	-0.006
777.91	-0.006
778.22	-0.007
778.54	-0.007
778.85	-0.006
779.17	-0.006
779.48	-0.007
779.80	-0.007
780.11	-0.007
780.43	-0.006
780.74	-0.006
781.06	-0.006
781.37	-0.005
781.68	-0.005
782.00	-0.005
782.31	-0.005
782.63	-0.005
782.94	-0.006
783.25	-0.005
783.57	-0.004
783.88	-0.004
784.20	-0.004
784.51	-0.004
784.82	-0.004
785.14	-0.004
785.45	-0.004
785.76	-0.004
786.08	-0.004
786.39	-0.004
786.71	-0.004
787.02	-0.004
787.33	-0.004
787.65	-0.005
787.96	-0.006
788.27	-0.005
788.58	-0.005
788.90	-0.005
789.21	-0.005
789.52	-0.004
789.84	-0.005
790.15	-0.005
790.46	-0.006
790.78	-0.005
791.09	-0.006
791.40	-0.006
791.71	-0.007
792.03	-0.007
792.34	-0.007
792.65	-0.008
792.96	-0.008
793.28	-0.008
793.59	-0.008
793.90	-0.008
794.21	-0.007
794.53	-0.007
794.84	-0.007
795.15	-0.007
795.46	-0.006
795.77	-0.006
796.09	-0.006
796.40	-0.006
796.71	-0.006
797.02	-0.006
797.33	-0.007
797.64	-0.007
797.96	-0.006
798.27	-0.005
798.58	-0.005
798.89	-0.005
799.20	-0.004
799.51	-0.004
799.82	-0.004
800.14	-0.004
800.45	-0.004
800.76	-0.004
801.07	-0.004
801.38	-0.004
801.69	-0.005
802.00	-0.006
802.31	-0.006
802.62	-0.006
802.94	-0.006
803.25	-0.005
803.56	-0.005
803.87	-0.005
804.18	-0.005
804.49	-0.005
804.80	-0.006
805.11	-0.006
805.42	-0.006
805.73	-0.005
806.04	-0.005
806.35	-0.006
806.66	-0.006
806.97	-0.006
807.28	-0.006
807.59	-0.006
807.90	-0.005
808.21	-0.004
808.52	-0.004
808.83	-0.005
809.14	-0.005
809.45	-0.005
809.76	-0.005
810.07	-0.005
810.38	-0.005
810.69	-0.006
811.00	-0.006
811.31	-0.006
811.62	-0.005
811.93	-0.005
812.24	-0.006
812.55	-0.005
812.85	-0.005
813.16	-0.005
813.47	-0.006
813.78	-0.006
814.09	-0.006
814.40	-0.008
814.71	-0.008
815.02	-0.009
815.33	-0.009
815.63	-0.008
815.94	-0.008
816.25	-0.008
816.56	-0.007
816.87	-0.006
817.18	-0.006
817.49	-0.005
817.79	-0.005
818.10	-0.006
818.41	-0.006
818.72	-0.007
819.03	-0.007
819.34	-0.008
819.64	-0.008
819.95	-0.007
820.26	-0.007
820.57	-0.007
820.87	-0.006
821.18	-0.006
821.49	-0.004
821.80	-0.004
822.11	-0.005
822.41	-0.005
822.72	-0.005
823.03	-0.006
823.34	-0.007
823.64	-0.006
823.95	-0.008
824.26	-0.008
824.56	-0.008
824.87	-0.009
825.18	-0.009
825.49	-0.008
825.79	-0.008
826.10	-0.008
826.41	-0.008
826.71	-0.007
827.02	-0.008
827.33	-0.008
827.63	-0.008
827.94	-0.009
828.25	-0.008
828.55	-0.008
828.86	-0.008
829.17	-0.007
829.47	-0.007
829.78	-0.007
830.09	-0.007
830.39	-0.006
830.70	-0.005
831.00	-0.004
831.31	-0.004
831.62	-0.003
831.92	-0.003
832.23	-0.003
832.53	-0.003
832.84	-0.003
833.15	-0.003
833.45	-0.003
833.76	-0.003
834.06	-0.004
834.37	-0.003
834.67	-0.004
834.98	-0.004
835.29	-0.006
835.59	-0.006
835.90	-0.006
836.20	-0.005
836.51	-0.005
836.81	-0.005
837.12	-0.005
837.42	-0.005
837.73	-0.005
838.03	-0.006
838.34	-0.006
838.64	-0.006
838.95	-0.005
839.25	-0.005
839.56	-0.005
839.86	-0.005
840.16	-0.005
840.47	-0.004
840.77	-0.005
841.08	-0.004
841.38	-0.003
841.69	-0.003
841.99	-0.002
842.30	-0.003
842.60	-0.004
842.90	-0.003
843.21	-0.003
843.51	-0.004
843.82	-0.004
844.12	-0.003
844.42	-0.003
844.73	-0.004
845.03	-0.005
845.33	-0.005
845.64	-0.005
845.94	-0.004
846.25	-0.004
846.55	-0.004
846.85	-0.004
847.16	-0.003
847.46	-0.003
847.76	-0.003
848.07	-0.002
848.37	-0.002
848.67	-0.000
848.97	-0.001
849.28	-0.001
849.58	-0.001
849.88	-0.000
850.19	-0.001
850.49	-0.001
850.79	-0.000
851.09	0.000
851.40	0.000
851.70	0.001
852.00	0.001
852.30	0.001
852.61	0.000
852.91	0.001
853.21	0.000
853.51	-0.001
853.82	-0.001
854.12	-0.001
854.42	-0.002
854.72	-0.003
855.02	-0.003
855.33	-0.002
855.63	-0.001
855.93	-0.002
856.23	-0.002
856.53	-0.001
856.84	-0.001
857.14	-0.002
857.44	-0.001
857.74	-0.000
858.04	0.001
858.34	0.001
858.64	0.001
858.95	0.002
859.25	0.001
859.55	0.003
859.85	0.003
860.15	0.004
860.45	0.002
860.75	0.002
861.05	0.002
861.36	0.001
861.66	-0.000
861.96	-0.002
862.26	-0.002
862.56	-0.003
862.86	-0.003
863.16	-0.003
863.46	-0.004
863.76	-0.005
864.06	-0.005
864.36	-0.006
864.66	-0.007
864.96	-0.008
865.26	-0.009
865.56	-0.009
865.86	-0.009
866.16	-0.010
866.46	-0.009
866.76	-0.009
867.06	-0.007
867.36	-0.008
867.66	-0.007
867.96	-0.005
868.26	-0.004
868.56	-0.004
868.86	-0.002
869.16	-0.002
869.46	-0.002
869.76	-0.002
870.06	-0.002
870.36	-0.003
870.66	-0.002
870.96	-0.002
871.26	-0.002
871.55	-0.002
871.85	-0.004
872.15	-0.003
872.45	-0.003
872.75	-0.005
873.05	-0.004
873.35	-0.005
873.65	-0.004
873.95	-0.004
874.24	-0.005
874.54	-0.005
874.84	-0.004
875.14	-0.006
875.44	-0.006
875.74	-0.007
876.03	-0.005
876.33	-0.005
876.63	-0.005
876.93	-0.005
877.23	-0.004
877.53	-0.006
877.82	-0.006
878.12	-0.005
878.42	-0.006
878.72	-0.003
879.01	-0.004
879.31	-0.005
879.61	-0.005
879.91	-0.006
880.21	-0.008
880.50	-0.008
880.80	-0.009
881.10	-0.009
881.39	0.016
881.69	0.012
881.99	-0.051
882.29	-0.007
882.58	-0.004
882.88	-0.027
883.18	-0.037
883.47	-0.007
883.77	-0.007
884.07	-0.007
